1 0.0 100.0 0.0030736923217773438
2 0.7043259094830925 4.272183946960972 0.0005762577056884766
3 0.7353621441608531 0.05392230954361387 0.006808042526245117
4 0.735756506760854 0.00032287507329578093 0.00678253173828125
5 0.7357588740610974 1.1256115902549103e-06 2.765655517578125e-05
6 0.7357588823240081 2.5655914497532637e-09 2.3365020751953125e-05
7 0.7357588823428544 4.119432235157424e-12 2.2411346435546875e-05
8 0.7357588823428858 1.5089495366877008e-13 1.7881393432617188e-05
9 0.7357588823428856 1.2071596293501608e-13 1.8596649169921875e-05
10 0.7357588823428838 1.2071596293501608e-13 1.8358230590820312e-05
11 0.7357588823428844 3.017899073375402e-14 2.9087066650390625e-05
12 0.7357588823428843 4.526848610063103e-14 2.47955322265625e-05
13 0.7357588823428842 6.035798146750804e-14 2.1457672119140625e-05
14 0.7357588823428853 9.053697220126206e-14 2.1457672119140625e-05
15 0.7357588823428833 1.8107394440252412e-13 2.09808349609375e-05
16 0.7357588823428847 0.0 2.2649765014648438e-05
17 0.7357588823428844 3.017899073375402e-14 3.24249267578125e-05
18 0.7357588823428844 3.017899073375402e-14 2.0503997802734375e-05
19 0.7357588823428849 3.017899073375402e-14 3.910064697265625e-05
20 0.7357588823428851 6.035798146750804e-14 3.314018249511719e-05
