    Quadrature No.  Integration Result  Percent Error  Run Time (sec)
0                1            0.000000  -1.000000e+02        0.286170
1                2            0.704326  -4.272184e+00        0.340248
2                3            0.735362  -5.392231e-02        0.404935
3                4            0.735757  -3.228751e-04        0.404854
4                5            0.735759  -1.125612e-06        0.404858
5                6            0.735759  -2.565803e-09        0.404685
6                7            0.735759  -3.938358e-12        0.404937
7                8            0.735759   3.017899e-14        0.404312
8                9            0.735759  -1.508950e-14        0.404657
9               10            0.735759  -1.056265e-13        0.404657
10              11            0.735759  -1.508950e-13        0.404257
11              12            0.735759   7.544748e-14        0.404756
12              13            0.735759  -3.017899e-14        0.402587
13              14            0.735759   6.035798e-14        0.404757
14              15            0.735759   2.414319e-13        0.402422
15              16            0.735759  -1.207160e-13        0.402504
16              17            0.735759   1.207160e-13        0.402551
17              18            0.735759   4.526849e-14        0.298455
18              19            0.735759   2.263424e-13        0.013878
19              20            0.735759   1.056265e-13        0.409323
