1 0.0 100.0 0.015091896057128906
2 0.7043259094830925 4.272183946960972 0.0005464553833007812
3 0.7353621441608531 0.05392230954361387 0.0006053447723388672
4 0.735756506760854 0.00032287507329578093 0.0005359649658203125
5 0.7357588740610974 1.1256115902549103e-06 0.0005927085876464844
6 0.7357588823240081 2.5655914497532637e-09 0.0005078315734863281
7 0.7357588823428544 4.119432235157424e-12 0.0005166530609130859
8 0.7357588823428858 1.5089495366877008e-13 0.0005133152008056641
9 0.7357588823428856 1.2071596293501608e-13 0.013272285461425781
10 0.7357588823428838 1.2071596293501608e-13 0.001041412353515625
11 0.7357588823428844 3.017899073375402e-14 0.0005624294281005859
12 0.7357588823428843 4.526848610063103e-14 0.0010120868682861328
13 0.7357588823428842 6.035798146750804e-14 0.0004928112030029297
14 0.7357588823428853 9.053697220126206e-14 0.0005645751953125
15 0.7357588823428833 1.8107394440252412e-13 0.0006289482116699219
16 0.7357588823428847 0.0 0.0005805492401123047
17 0.7357588823428844 3.017899073375402e-14 0.0006518363952636719
18 0.7357588823428844 3.017899073375402e-14 0.01895284652709961
19 0.7357588823428849 3.017899073375402e-14 0.011182069778442383
20 0.7357588823428851 6.035798146750804e-14 0.0009987354278564453
